632323190605260201
632323190605265926
632323190605263525
632323190605261044
632323190605260527
632323190605265328
63232320100526494X
632323190605269601
632323190605262522
632323190605262629
632323190605264843
632323190605260228
63232319060526152X
632323190605266742
632323190605261861
632323190605265328
63232319060526478X
632323201005267227
632323190605263103
632323190605261183
632323190605269222
632323201005263242
63232319060526830X
632323190605269062
632323190605269601
632323190605261861
632323190605264747
63232320100526646X
632323190605268123
632323190605263146
632323190605267200
63232319060526830X
632323190605269046
63232319060526072X
632323190605269329
632323190605269564
632323190605266048
632323190605264288
632323190605269169
632323190605268561
632323190605266881
63232319060526400X
632323190605268764
632323190605268406
632323190605260746
632323190605260623
632323190605263744
632323190605265520
632323190605267825
632323190605266822
63232319060526670X
632323190605267067
632323190605260068
632323190605265002
632323190605266128
632323190605269660
632323190605266849
632323190605260885
632323190605266128
632323190605264966
63232319060526400X
632323190605263322
632323190605263285
632323190605263066
632323190605264042
632323190605262602
632323190605262629
632323190605260105
632323190605266881
632323190605261781
632323190605268641
632323190605263787
632323190605265782
632323190605267403
632323190605262186
632323190605266523
632323190605268027
63232319060526590X
632323190605262047
632323190605265862
632323190605262741
632323190605268721
632323190605262928
632323190605262805
632323190605263744
632323190605269046
632323190605262469
632323190605260607
632323190605269900
632323190605268588
632323190605265547
632323190605263904
632323190605261925
632323190605268801
632323190605266945
632323190605265969
632323190605261423
632323190605266945
632323190605265969
632323190605261423